score_play_base=1
score_discard_base=1
score_hint_base=1
score_play_exponent_probability=3
score_play_by_playability_weight=22.734358855412424
score_play_badness_mistake_weight=680.5297267988109
score_play_can_play_5_sure=1448.478312463006
score_play_make_playable=179.48670447025307
score_play_make_playable_weighted_by_partner_knowledge=46.462360351455985
score_play_make_discardable=1.397895824201791
score_play_make_discardable_weighted_by_partner_knowledge=2.7039220671384157
score_play_sure=199.9665543994599
score_play_focused_hint=3424.9910596183645
score_discard_exponent_probability=17
score_discard_value_of_a_hint=17.73608026180722
score_discard_probability_weight=37.64976639634327
score_discard_badness_mistake_weight=27.63447486677087
score_discard_hints_low_weight=10.319926061352982
score_hint_focused_hint=263.4107939498505
score_hint_exponent_information_gain=2
score_hint_information_gain=5.35182940897124
score_hint_make_playable=0.6535849434895497
score_hint_make_discardable=0.08631573510189527
score_badness_discard_only_card_left_of_its_kind=16.280378715316537
