score_play_base=1
score_discard_base=1
score_hint_base=1
score_play_exponent_probability=8
score_play_by_playability_weight=35.935500082848556
score_play_badness_mistake_weight=45.89811356464633
score_play_can_play_5_sure=1291.9915928454504
score_play_make_playable=73.66753860464331
score_play_make_playable_weighted_by_partner_knowledge=34.18114077369116
score_play_make_discardable=1.4553115568722588
score_play_make_discardable_weighted_by_partner_knowledge=1.7865125943234645
score_play_sure=246.98328776357667
score_play_focused_hint=912.0982885759203
score_discard_exponent_probability=9
score_discard_value_of_a_hint=6.276353647655108
score_discard_probability_weight=43.94503167945404
score_discard_badness_mistake_weight=86.10684209533615
score_discard_hints_low_weight=28.772317048946235
score_hint_focused_hint=121.78823233368526
score_hint_exponent_information_gain=6
score_hint_information_gain=1.5024737001641797
score_hint_make_playable=18.849785977614246
score_hint_make_discardable=8.890665215670326
score_badness_discard_only_card_left_of_its_kind=907.8209672584491
