score_play_base=1
score_discard_base=1
score_hint_base=1
score_play_exponent_probability=-4
score_play_by_playability_weight=50.83324157885509
score_play_badness_mistake_weight=146.3579811630841
score_play_can_play_5_sure=1830.9449949732088
score_play_make_playable=25.531346694818335
score_play_make_playable_weighted_by_partner_knowledge=11.171389331504649
score_play_make_discardable=0.7124305422774304
score_play_make_discardable_weighted_by_partner_knowledge=2.5933138426888553
score_play_sure=673.6382028510158
score_play_focused_hint=90.03374134310627
score_discard_exponent_probability=52
score_discard_value_of_a_hint=4.0501026093816686
score_discard_probability_weight=36.10739878249882
score_discard_badness_mistake_weight=0.3336926448032755
score_discard_hints_low_weight=1.7480540097859163
score_hint_focused_hint=5.759266694720031
score_hint_exponent_information_gain=4
score_hint_information_gain=1.346024192615539
score_hint_make_playable=3.907049583713533
score_hint_make_discardable=0.05997971741226433
score_badness_discard_only_card_left_of_its_kind=12.728195588592556
