score_play_base=1
score_discard_base=1
score_hint_base=1
score_play_exponent_probability=-7
score_play_by_playability_weight=24.23002806548981
score_play_badness_mistake_weight=105.55129705431648
score_play_can_play_5_sure=956.3759949424771
score_play_make_playable=53.5323129520296
score_play_make_playable_weighted_by_partner_knowledge=42.1143801046589
score_play_make_discardable=2.016493678630416
score_play_make_discardable_weighted_by_partner_knowledge=2.0369930061293733
score_play_sure=127.50481728918326
score_play_focused_hint=75.6236697116084
score_discard_exponent_probability=7
score_discard_value_of_a_hint=11.7402943790296
score_discard_probability_weight=65.32200964429573
score_discard_badness_mistake_weight=107.1170612826709
score_discard_hints_low_weight=21.57098144402364
score_hint_focused_hint=57.13650303201611
score_hint_exponent_information_gain=7
score_hint_information_gain=1.7790272642539218
score_hint_make_playable=91.69333369935347
score_hint_make_discardable=16.368341602213263
score_badness_discard_only_card_left_of_its_kind=3584.433008929881
