score_play_base=1
score_discard_base=1
score_hint_base=1
score_play_exponent_probability=8
score_play_by_playability_weight=39.59795439661546
score_play_badness_mistake_weight=13.798720244524388
score_play_can_play_5_sure=307.87894567567
score_play_make_playable=58.170364923476676
score_play_make_playable_weighted_by_partner_knowledge=1.5954672841395765
score_play_make_discardable=0.0899426839282916
score_play_make_discardable_weighted_by_partner_knowledge=1.1082612968854084
score_play_sure=157.60119253726208
score_play_focused_hint=80.43746624292041
score_discard_exponent_probability=60
score_discard_value_of_a_hint=0.32655809234483163
score_discard_probability_weight=11.7114513750848
score_discard_badness_mistake_weight=0.026886937874951215
score_discard_hints_low_weight=0.2907686479735183
score_hint_focused_hint=17.2147328189025
score_hint_exponent_information_gain=15
score_hint_information_gain=0.059540895001309276
score_hint_make_playable=0.010146678156995782
score_hint_make_discardable=0.00014353931046136125
score_badness_discard_only_card_left_of_its_kind=0.014787803330626294
