score_play_base=1
score_discard_base=1
score_hint_base=1
score_play_exponent_probability=21
score_play_by_playability_weight=53.55922239546543
score_play_badness_mistake_weight=404.6053121949785
score_play_can_play_5_sure=1030.8779607490158
score_play_make_playable=84.00476294446429
score_play_make_playable_weighted_by_partner_knowledge=26.36642260275054
score_play_make_discardable=2.805205182012837
score_play_make_discardable_weighted_by_partner_knowledge=3.2091323764113615
score_play_sure=168.85116053144594
score_play_focused_hint=2058.768281715746
score_discard_exponent_probability=20
score_discard_value_of_a_hint=11.358972091072202
score_discard_probability_weight=68.34436356960333
score_discard_badness_mistake_weight=60.065254514077424
score_discard_hints_low_weight=16.849237231894595
score_hint_focused_hint=250.54648244658432
score_hint_exponent_information_gain=3
score_hint_information_gain=2.712766474029541
score_hint_make_playable=1.2999068670604823
score_hint_make_discardable=0.1639638333228302
score_badness_discard_only_card_left_of_its_kind=34.582303381046984
